4.784178885418290506e+00 8.386318789739093116e-02 4.773289188038218889e+00 1.281818181818181746e-01 0.000000000000000000e+00
4.735435487826229917e+00 1.310019732514799418e-01 4.707978113347834004e+00 1.227272727272727265e-01 0.000000000000000000e+00
4.683487485673599515e+00 1.545713659285244401e-01 4.670697574615478409e+00 1.609090909090909183e-01 0.000000000000000000e+00
4.636834522319242424e+00 1.854856391142293559e-01 4.642919840379194696e+00 1.754545454545454464e-01 0.000000000000000000e+00
4.606049539958717354e+00 2.085069063801797962e-01 4.624670675451104884e+00 1.936363636363636342e-01 0.000000000000000000e+00
4.581488176909122245e+00 2.322955492216619289e-01 4.611353648792613669e+00 2.072727272727272751e-01 0.000000000000000000e+00
4.563213855439804512e+00 2.537820653365490120e-01 4.594807501706210218e+00 2.399999999999999911e-01 0.000000000000000000e+00
4.540803851278380598e+00 2.935759701819776746e-01 4.578527747067537845e+00 2.654545454545454430e-01 0.000000000000000000e+00
4.517503507355278280e+00 3.171453628590221729e-01 4.565284907601096620e+00 2.854545454545454608e-01 0.000000000000000000e+00
4.491712950112866309e+00 3.457575093181319836e-01 4.544581231203946636e+00 3.172727272727272618e-01 0.000000000000000000e+00
4.465345674793701036e+00 3.719579039684279831e-01 4.527084808349609801e+00 3.372727272727272796e-01 0.000000000000000000e+00
4.437289160507025265e+00 3.980486735365051931e-01 4.497208199934526363e+00 3.618181818181818166e-01 0.000000000000000000e+00
4.411040644926921495e+00 4.200833150624863066e-01 4.479695673855868421e+00 3.772727272727272596e-01 0.000000000000000000e+00
4.390519299911736617e+00 4.340057005042753935e-01 4.465810735875909820e+00 3.909090909090909283e-01 0.000000000000000000e+00
4.374929213570911024e+00 4.451874588905941899e-01 4.454880220239812338e+00 3.972727272727272774e-01 0.000000000000000000e+00
4.363494902110836904e+00 4.577943433457575262e-01 4.448600423986261099e+00 4.090909090909091161e-01 0.000000000000000000e+00
4.349938261224052027e+00 4.713878535408901893e-01 4.439889505559747818e+00 4.154545454545454652e-01 0.000000000000000000e+00
4.334871157353657800e+00 4.809252356939268114e-01 4.428687036687677825e+00 4.218181818181818143e-01 0.000000000000000000e+00
4.321926996180478930e+00 4.996711247533435762e-01 4.417606242786754400e+00 4.381818181818181723e-01 0.000000000000000000e+00
4.303803599892256138e+00 5.206095154571366290e-01 4.414403227025812448e+00 4.481818181818181812e-01 0.000000000000000000e+00
4.287280016315529352e+00 5.405612804209602995e-01 4.395516870672052434e+00 4.790909090909090673e-01 0.000000000000000000e+00
4.270090095412963471e+00 5.634729226046919504e-01 4.376796661723743931e+00 5.036363636363636598e-01 0.000000000000000000e+00
4.251739586217705202e+00 5.838631878973910005e-01 4.357153372331098673e+00 5.109090909090908683e-01 0.000000000000000000e+00
4.234748825590957111e+00 5.949353212014909520e-01 4.342756540125066955e+00 5.263636363636363669e-01 0.000000000000000000e+00
4.217378619260313322e+00 6.054593290944968453e-01 4.335105048092929181e+00 5.309090909090908861e-01 0.000000000000000000e+00
4.207197425188241802e+00 6.203683402762552035e-01 4.328844118985262668e+00 5.490909090909090740e-01 0.000000000000000000e+00
4.193820734448507004e+00 6.398816049112037163e-01 4.319697869040749261e+00 5.627272727272727426e-01 0.000000000000000000e+00
4.178878686951326138e+00 6.547906160929620745e-01 4.300741140192204881e+00 5.809090909090909305e-01 0.000000000000000000e+00
4.163023447995644943e+00 6.752905064678799141e-01 4.294537580663507548e+00 5.927272727272727693e-01 0.000000000000000000e+00
4.146592518238350955e+00 6.903091427318570616e-01 4.278214126933704620e+00 6.127272727272726760e-01 0.000000000000000000e+00
4.132902824311527112e+00 6.998465248848937392e-01 4.269470500946044744e+00 6.190909090909091361e-01 0.000000000000000000e+00
4.121533212471468310e+00 7.078491558868669209e-01 4.261418079029430039e+00 6.245454545454545148e-01 0.000000000000000000e+00
4.109691605341065923e+00 7.174961631221223879e-01 4.250947229211980982e+00 6.281818181818181746e-01 0.000000000000000000e+00
4.097518931457647007e+00 7.293356720017540873e-01 4.242936727350408610e+00 6.381818181818181834e-01 0.000000000000000000e+00
4.086626225985656724e+00 7.483008112256084310e-01 4.237874043204567620e+00 6.609090909090908905e-01 0.000000000000000000e+00
4.074023912204406628e+00 7.691295768471826388e-01 4.226247190995650271e+00 6.836363636363635976e-01 0.000000000000000000e+00
4.059898821938014102e+00 7.848059636044727450e-01 4.216094228571111380e+00 6.945454545454545769e-01 0.000000000000000000e+00
4.044649472181223615e+00 8.003727252795439506e-01 4.199449105696245077e+00 7.045454545454545858e-01 0.000000000000000000e+00
4.030817369336857858e+00 8.081561061170796645e-01 4.193461641831831344e+00 7.072727272727272751e-01 0.000000000000000000e+00
4.020218609927177056e+00 8.125411094058321293e-01 4.188248185244473731e+00 7.090909090909091050e-01 0.000000000000000000e+00
4.012632865232481194e+00 8.185704889278667684e-01 4.183447087027809985e+00 7.099999999999999645e-01 0.000000000000000000e+00
4.005488091042051835e+00 8.286559964919973931e-01 4.175894959189674793e+00 7.281818181818181523e-01 0.000000000000000000e+00
3.995671272591471812e+00 8.414821311115984193e-01 4.173126707944002867e+00 7.227272727272727737e-01 0.000000000000000000e+00
3.985301394338174763e+00 8.498136373602280802e-01 4.166695128354159117e+00 7.254545454545454630e-01 0.000000000000000000e+00
3.977637808355838800e+00 8.538697654023240657e-01 4.166494861949574080e+00 7.299999999999999822e-01 0.000000000000000000e+00
3.971530528529592985e+00 8.557333918000439299e-01 4.162255042682994066e+00 7.290909090909091228e-01 0.000000000000000000e+00
3.966728632347125139e+00 8.574873931155448936e-01 4.160275445417924267e+00 7.327272727272726716e-01 0.000000000000000000e+00
3.962697586033642860e+00 8.595702696777023366e-01 4.157539409290660792e+00 7.327272727272726716e-01 0.000000000000000000e+00
3.959736708929809890e+00 8.614338960754220897e-01 4.155491463054310053e+00 7.327272727272726716e-01 0.000000000000000000e+00
3.956362974222907170e+00 8.631878973909230535e-01 4.151961238167502621e+00 7.336363636363636420e-01 0.000000000000000000e+00
3.953575880635701978e+00 8.664766498574874021e-01 4.151635204661975997e+00 7.363636363636363313e-01 0.000000000000000000e+00
3.950898938888887546e+00 8.709712782284586563e-01 4.147672252655029368e+00 7.372727272727273018e-01 0.000000000000000000e+00
3.947168776142678137e+00 8.785354089015566803e-01 4.146406267339533436e+00 7.472727272727273107e-01 0.000000000000000000e+00
3.942357630772539423e+00 8.833589125191844138e-01 4.144534286152232738e+00 7.436363636363636509e-01 0.000000000000000000e+00
3.937582800979547493e+00 8.908134181100636484e-01 4.141993628415194806e+00 7.481818181818181701e-01 0.000000000000000000e+00
3.932006230507992584e+00 8.958561718921289607e-01 4.138698837973854516e+00 7.609090909090908683e-01 0.000000000000000000e+00
3.925570397334150030e+00 9.030914273185705055e-01 4.135089104392311476e+00 7.609090909090908683e-01 0.000000000000000000e+00
3.919483385073514015e+00 9.062705547029160646e-01 4.133644227114590564e+00 7.645454545454545281e-01 0.000000000000000000e+00
3.914743509765153284e+00 9.102170576627932608e-01 4.130419113852760837e+00 7.645454545454545281e-01 0.000000000000000000e+00
3.911083088190872914e+00 9.121903091427319143e-01 4.130750125538218853e+00 7.590909090909090384e-01 0.000000000000000000e+00
3.907372509850349562e+00 9.152598114448585731e-01 4.126703218980268595e+00 7.654545454545454986e-01 0.000000000000000000e+00
3.904278038207231738e+00 9.176715632536724954e-01 4.125868962027809950e+00 7.745454545454545370e-01 0.000000000000000000e+00
3.901359365007851743e+00 9.206314404735803647e-01 4.123567582910711238e+00 7.672727272727272174e-01 0.000000000000000000e+00
3.898242987658051550e+00 9.226046919535190183e-01 4.123303075270219331e+00 7.763636363636363669e-01 0.000000000000000000e+00
3.895707638476454626e+00 9.250164437623328295e-01 4.123997965725985537e+00 7.590909090909090384e-01 0.000000000000000000e+00
3.893920871412197560e+00 9.276474457355843306e-01 4.125061328194358445e+00 7.645454545454545281e-01 0.000000000000000000e+00
3.891539803462916058e+00 9.286340714755536574e-01 4.125345453782514937e+00 7.645454545454545281e-01 0.000000000000000000e+00
3.889123243920715733e+00 9.296206972155229842e-01 4.124181052121248747e+00 7.645454545454545281e-01 0.000000000000000000e+00
3.886861739621771950e+00 9.314843236132427373e-01 4.121464654749090073e+00 7.663636363636363580e-01 0.000000000000000000e+00
3.885284577616210822e+00 9.317035737776804272e-01 4.121574440002441442e+00 7.654545454545454986e-01 0.000000000000000000e+00
3.883265516627804725e+00 9.333479500109626015e-01 4.117953564036976211e+00 7.663636363636363580e-01 0.000000000000000000e+00
3.881717344460532182e+00 9.341153255864942384e-01 4.120887107849121378e+00 7.681818181818181879e-01 0.000000000000000000e+00
3.879921919419770049e+00 9.359789519842139915e-01 4.115864240472967062e+00 7.663636363636363580e-01 0.000000000000000000e+00
3.878196239889621921e+00 9.377329532997150663e-01 4.115561495694247007e+00 7.645454545454545281e-01 0.000000000000000000e+00
3.876633066483898826e+00 9.409120806840605145e-01 4.117312067205255666e+00 7.681818181818181879e-01 0.000000000000000000e+00
3.875231467953535347e+00 9.425564569173426888e-01 4.117413824254816390e+00 7.672727272727272174e-01 0.000000000000000000e+00
3.873979805593191550e+00 9.433238324928744367e-01 4.115758524808017071e+00 7.681818181818181879e-01 0.000000000000000000e+00
3.872722241523573583e+00 9.445297083972813423e-01 4.114293103651567307e+00 7.754545454545455074e-01 0.000000000000000000e+00
3.870587068753032156e+00 9.463933347950010955e-01 4.113633840734308045e+00 7.736363636363636775e-01 0.000000000000000000e+00
3.869072281668725299e+00 9.473799605349704223e-01 4.115020771026610902e+00 7.718181818181818477e-01 0.000000000000000000e+00
3.866939948959534412e+00 9.491339618504713860e-01 4.116013917055997062e+00 7.736363636363636775e-01 0.000000000000000000e+00
3.865080880481039927e+00 9.502302126726595022e-01 4.116459699110551540e+00 7.663636363636363580e-01 0.000000000000000000e+00
3.863693140180872732e+00 9.517649638237228871e-01 4.112910444086248063e+00 7.754545454545455074e-01 0.000000000000000000e+00
3.862121571576587531e+00 9.531900898925674825e-01 4.109947820143266206e+00 7.781818181818181968e-01 0.000000000000000000e+00
3.860911534507398546e+00 9.549440912080684463e-01 4.109895189458673492e+00 7.754545454545455074e-01 0.000000000000000000e+00
3.859466206789591514e+00 9.564788423591318312e-01 4.109421719637784243e+00 7.754545454545455074e-01 0.000000000000000000e+00
3.857850999430694205e+00 9.586713440035080636e-01 4.108336835341019899e+00 7.781818181818181968e-01 0.000000000000000000e+00
3.856485610205832693e+00 9.604253453190090273e-01 4.103961292613636402e+00 7.845454545454545459e-01 0.000000000000000000e+00
3.854196088038575940e+00 9.622889717167287804e-01 4.106885514692827144e+00 7.781818181818181968e-01 0.000000000000000000e+00
3.853091371657947128e+00 9.643718482788862234e-01 4.103152257745915854e+00 7.881818181818182056e-01 0.000000000000000000e+00
3.851465504097849823e+00 9.666739750054812452e-01 4.102044296264648615e+00 7.872727272727272352e-01 0.000000000000000000e+00
3.850067552258324977e+00 9.673317254987942038e-01 4.100721605474298315e+00 7.881818181818182056e-01 0.000000000000000000e+00
3.848483751176141165e+00 9.682087261565446301e-01 4.105384649796919305e+00 7.863636363636363757e-01 0.000000000000000000e+00
3.847071626839264624e+00 9.691953518965139569e-01 4.101340392719615480e+00 7.890909090909090651e-01 0.000000000000000000e+00
3.845814466633260320e+00 9.696338522253892256e-01 4.099276495846835289e+00 7.945454545454545547e-01 0.000000000000000000e+00
3.845203847431399424e+00 9.709493532120149206e-01 4.099520714499734098e+00 7.927272727272727249e-01 0.000000000000000000e+00
3.843854824248909452e+00 9.718263538697654580e-01 4.097711238861084126e+00 7.909090909090908950e-01 0.000000000000000000e+00
3.842636864688725229e+00 9.723744792808595161e-01 4.095729474154385485e+00 7.954545454545454142e-01 0.000000000000000000e+00
3.841886503815102216e+00 9.740188555141416904e-01 4.097690081162886244e+00 7.927272727272727249e-01 0.000000000000000000e+00
3.840644575634224456e+00 9.755536066652050753e-01 4.095392404036088507e+00 7.900000000000000355e-01 0.000000000000000000e+00
3.839582631003043645e+00 9.771979828984872496e-01 4.093916485526344573e+00 7.936363636363635843e-01 0.000000000000000000e+00
3.838833396410215482e+00 9.787327340495506345e-01 4.096524783047763130e+00 7.909090909090908950e-01 0.000000000000000000e+00
3.838025767456620052e+00 9.790616092962070027e-01 4.094262568733908481e+00 7.918181818181818654e-01 0.000000000000000000e+00
3.836681358230346728e+00 9.813637360228020246e-01 4.094719687375155459e+00 7.900000000000000355e-01 0.000000000000000000e+00
3.835924853726558226e+00 9.821311115983337725e-01 4.095926269184459123e+00 7.963636363636363846e-01 0.000000000000000000e+00
3.834727616300710462e+00 9.836658627493971574e-01 4.091377964019775604e+00 7.972727272727272441e-01 0.000000000000000000e+00
3.833677775868719273e+00 9.843236132427100049e-01 4.093546640222722743e+00 7.936363636363635843e-01 0.000000000000000000e+00
3.832614146782311160e+00 9.845428634071475837e-01 4.095930210460315912e+00 7.927272727272727249e-01 0.000000000000000000e+00
3.831739141501452117e+00 9.852006139004604313e-01 4.094402041001753645e+00 7.963636363636363846e-01 0.000000000000000000e+00
3.830975937859004699e+00 9.855294891471169105e-01 4.092880228215998173e+00 7.972727272727272441e-01 0.000000000000000000e+00
3.830404936391725634e+00 9.853102389826793317e-01 4.093934437144886473e+00 8.009090909090909038e-01 0.000000000000000000e+00
3.829911860894853692e+00 9.857487393115544894e-01 4.091941292502663252e+00 7.990909090909090740e-01 0.000000000000000000e+00
3.829233737871119647e+00 9.858583643937733898e-01 4.089820936376398208e+00 7.936363636363635843e-01 0.000000000000000000e+00
3.828429951737831960e+00 9.860776145582109686e-01 4.092000387365168024e+00 7.954545454545454142e-01 0.000000000000000000e+00
3.828078342147940738e+00 9.861872396404297580e-01 4.091889540932394986e+00 7.945454545454545547e-01 0.000000000000000000e+00
3.827664094858853172e+00 9.861872396404297580e-01 4.092320372841575349e+00 7.972727272727272441e-01 0.000000000000000000e+00
3.827121986106047924e+00 9.865161148870862373e-01 4.089217054193670542e+00 7.990909090909090740e-01 0.000000000000000000e+00
3.827220471065782892e+00 9.861872396404297580e-01 4.090023384094238601e+00 7.936363636363635843e-01 0.000000000000000000e+00
3.826337691122856821e+00 9.869546152159615060e-01 4.089961790605024738e+00 7.945454545454545547e-01 0.000000000000000000e+00
3.826160513761403870e+00 9.869546152159615060e-01 4.089938377033580430e+00 7.936363636363635843e-01 0.000000000000000000e+00
3.825921501566563521e+00 9.867353650515238161e-01 4.090476913452148366e+00 7.863636363636363757e-01 0.000000000000000000e+00
3.825910955425731785e+00 9.868449901337426056e-01 4.089338829734108671e+00 7.972727272727272441e-01 0.000000000000000000e+00
3.825298818572783865e+00 9.871738653803990848e-01 4.088479713093151169e+00 7.972727272727272441e-01 0.000000000000000000e+00
3.825065273382349584e+00 9.870642402981802954e-01 4.087188139828768385e+00 7.945454545454545547e-01 0.000000000000000000e+00
3.824696924414087817e+00 9.873931155448366637e-01 4.088281071402810163e+00 7.981818181818182145e-01 0.000000000000000000e+00
3.824270009994506836e+00 9.875027406270555641e-01 4.087275796370072989e+00 8.009090909090909038e-01 0.000000000000000000e+00
3.824147123225136280e+00 9.875027406270555641e-01 4.087615909576416406e+00 7.981818181818182145e-01 0.000000000000000000e+00
3.823898857033479981e+00 9.871738653803990848e-01 4.086128300753506970e+00 7.936363636363635843e-01 0.000000000000000000e+00
3.823870574191745142e+00 9.871738653803990848e-01 4.087495347803288936e+00 7.909090909090908950e-01 0.000000000000000000e+00
3.823484076922516461e+00 9.876123657092743535e-01 4.085019534717906353e+00 7.909090909090908950e-01 0.000000000000000000e+00
3.823125209444527162e+00 9.877219907914931429e-01 4.087523189891468789e+00 7.963636363636363846e-01 0.000000000000000000e+00
3.823300467329938890e+00 9.877219907914931429e-01 4.088202864907004574e+00 7.881818181818182056e-01 0.000000000000000000e+00
3.822923683644491089e+00 9.876123657092743535e-01 4.084729851809415280e+00 7.954545454545454142e-01 0.000000000000000000e+00
3.822788031575345968e+00 9.877219907914931429e-01 4.086234604228626388e+00 7.900000000000000355e-01 0.000000000000000000e+00
3.822534610921420217e+00 9.876123657092743535e-01 4.083488783402876798e+00 7.936363636363635843e-01 0.000000000000000000e+00
3.822432886427678866e+00 9.879412409559307218e-01 4.083671102523803498e+00 7.863636363636363757e-01 0.000000000000000000e+00
3.822301351927372526e+00 9.877219907914931429e-01 4.085206049138849771e+00 7.945454545454545547e-01 0.000000000000000000e+00
3.822006257629478210e+00 9.876123657092743535e-01 4.085380566336891839e+00 7.927272727272727249e-01 0.000000000000000000e+00
3.821892495219108010e+00 9.878316158737119324e-01 4.085681226903742136e+00 7.918181818181818654e-01 0.000000000000000000e+00
3.821279370557370658e+00 9.880508660381496222e-01 4.085356882268731837e+00 7.881818181818182056e-01 0.000000000000000000e+00
3.821523946200878541e+00 9.880508660381496222e-01 4.084080436012961890e+00 7.927272727272727249e-01 0.000000000000000000e+00
3.821316769551196035e+00 9.879412409559307218e-01 4.083656994212757851e+00 7.972727272727272441e-01 0.000000000000000000e+00
3.821170941122632669e+00 9.882701162025872010e-01 4.083602074709805407e+00 7.936363636363635843e-01 0.000000000000000000e+00
3.821049316074209834e+00 9.881604911203684116e-01 4.084101324948397504e+00 7.909090909090908950e-01 0.000000000000000000e+00
3.820884054205287317e+00 9.882701162025872010e-01 4.080604946830056257e+00 7.990909090909090740e-01 0.000000000000000000e+00
3.820857604065894808e+00 9.880508660381496222e-01 4.083081447427923116e+00 7.936363636363635843e-01 0.000000000000000000e+00
3.820536758470524763e+00 9.883797412848059905e-01 4.082330058704722653e+00 7.927272727272727249e-01 0.000000000000000000e+00
3.820643944427700944e+00 9.883797412848059905e-01 4.084330584786155072e+00 7.927272727272727249e-01 0.000000000000000000e+00
3.820313852885605321e+00 9.888182416136812591e-01 4.080722564350474535e+00 8.018181818181817633e-01 0.000000000000000000e+00
3.820181432352649509e+00 9.884893663670247799e-01 4.083746252926912845e+00 7.863636363636363757e-01 0.000000000000000000e+00
3.820102487157191362e+00 9.884893663670247799e-01 4.080389385223388565e+00 7.981818181818182145e-01 0.000000000000000000e+00
3.819897225540318519e+00 9.885989914492436803e-01 4.081706808263604991e+00 7.909090909090908950e-01 0.000000000000000000e+00
3.819934507703289572e+00 9.884893663670247799e-01 4.082548564564097759e+00 7.945454545454545547e-01 0.000000000000000000e+00
3.819891495182963226e+00 9.887086165314624697e-01 4.081863959919322937e+00 7.918181818181818654e-01 0.000000000000000000e+00
3.819722815580311792e+00 9.884893663670247799e-01 4.081513491543856453e+00 7.981818181818182145e-01 0.000000000000000000e+00
3.819439356589991785e+00 9.884893663670247799e-01 4.079519953294234114e+00 8.009090909090909038e-01 0.000000000000000000e+00
3.819681286001592291e+00 9.885989914492436803e-01 4.080602987462824238e+00 7.945454545454545547e-01 0.000000000000000000e+00
3.819477045073422339e+00 9.885989914492436803e-01 4.083079851323907938e+00 7.890909090909090651e-01 0.000000000000000000e+00
3.819239550477395717e+00 9.887086165314624697e-01 4.081367459730668834e+00 7.954545454545454142e-01 0.000000000000000000e+00
3.819557467983156318e+00 9.884893663670247799e-01 4.078668356808749174e+00 7.945454545454545547e-01 0.000000000000000000e+00
3.819566102593490164e+00 9.889278666959000486e-01 4.081292873729359449e+00 7.918181818181818654e-01 0.000000000000000000e+00
3.819268010943847269e+00 9.889278666959000486e-01 4.080998698147860537e+00 7.909090909090908950e-01 0.000000000000000000e+00
3.819209753591432666e+00 9.887086165314624697e-01 4.079798199046742013e+00 7.945454545454545547e-01 0.000000000000000000e+00
3.819164347162478990e+00 9.888182416136812591e-01 4.080710695440118663e+00 7.909090909090908950e-01 0.000000000000000000e+00
3.819049458000853825e+00 9.887086165314624697e-01 4.081858747655695119e+00 7.900000000000000355e-01 0.000000000000000000e+00
3.819222419624186404e+00 9.889278666959000486e-01 4.080269610665061109e+00 7.963636363636363846e-01 0.000000000000000000e+00
3.818926557954061884e+00 9.888182416136812591e-01 4.079499901858243405e+00 7.936363636363635843e-01 0.000000000000000000e+00
3.818802371670138029e+00 9.887086165314624697e-01 4.081794613924893511e+00 7.936363636363635843e-01 0.000000000000000000e+00
3.818628046392897879e+00 9.888182416136812591e-01 4.077869507182728448e+00 7.936363636363635843e-01 0.000000000000000000e+00
3.818847592372011768e+00 9.887086165314624697e-01 4.078634905381636422e+00 7.936363636363635843e-01 0.000000000000000000e+00
3.818524028250743108e+00 9.887086165314624697e-01 4.079200064919211499e+00 7.909090909090908950e-01 0.000000000000000000e+00
3.818647122806531513e+00 9.887086165314624697e-01 4.078680255196311499e+00 7.945454545454545547e-01 0.000000000000000000e+00
3.818475080095762308e+00 9.890374917781188380e-01 4.080121135711669567e+00 7.963636363636363846e-01 0.000000000000000000e+00
3.818528156587884581e+00 9.888182416136812591e-01 4.078316832455722185e+00 7.963636363636363846e-01 0.000000000000000000e+00
3.818492336352648842e+00 9.888182416136812591e-01 4.078969286138360850e+00 7.972727272727272441e-01 0.000000000000000000e+00
3.818452770995926393e+00 9.889278666959000486e-01 4.078265972137451456e+00 7.936363636363635843e-01 0.000000000000000000e+00
3.818400138147409084e+00 9.891471168603377384e-01 4.077945613861084340e+00 7.981818181818182145e-01 0.000000000000000000e+00
3.818284733361827943e+00 9.891471168603377384e-01 4.077291382876309100e+00 7.890909090909090651e-01 0.000000000000000000e+00
3.818297734152876100e+00 9.890374917781188380e-01 4.076318170374089611e+00 7.972727272727272441e-01 0.000000000000000000e+00
3.818191789164142591e+00 9.891471168603377384e-01 4.076444599845192585e+00 8.000000000000000444e-01 0.000000000000000000e+00
3.818024288899698249e+00 9.889278666959000486e-01 4.078995219143954465e+00 7.927272727272727249e-01 0.000000000000000000e+00
3.818077021903882873e+00 9.887086165314624697e-01 4.076018576188521259e+00 7.936363636363635843e-01 0.000000000000000000e+00
3.818076839417748225e+00 9.890374917781188380e-01 4.079548185521906234e+00 7.918181818181818654e-01 0.000000000000000000e+00
3.817966676443142138e+00 9.891471168603377384e-01 4.078944074457342417e+00 7.972727272727272441e-01 0.000000000000000000e+00
3.817948401013478765e+00 9.889278666959000486e-01 4.075205286199396149e+00 7.981818181818182145e-01 0.000000000000000000e+00
3.818180706960489612e+00 9.889278666959000486e-01 4.076494887958873825e+00 7.954545454545454142e-01 0.000000000000000000e+00
3.817832008262287857e+00 9.888182416136812591e-01 4.077473728006536291e+00 7.909090909090908950e-01 0.000000000000000000e+00
3.817990395667860692e+00 9.891471168603377384e-01 4.075992729880592691e+00 7.927272727272727249e-01 0.000000000000000000e+00
3.817831255683405534e+00 9.890374917781188380e-01 4.076763085451992730e+00 7.900000000000000355e-01 0.000000000000000000e+00
3.817773977566957022e+00 9.891471168603377384e-01 4.075636858506635818e+00 7.936363636363635843e-01 0.000000000000000000e+00
3.817708747372818401e+00 9.889278666959000486e-01 4.076163222573020661e+00 7.890909090909090651e-01 0.000000000000000000e+00
3.817694821814595851e+00 9.889278666959000486e-01 4.076233236139470861e+00 7.963636363636363846e-01 0.000000000000000000e+00
3.817772500061774377e+00 9.890374917781188380e-01 4.075766343203458320e+00 7.972727272727272441e-01 0.000000000000000000e+00
3.817629415720760200e+00 9.888182416136812591e-01 4.075945233431728987e+00 7.963636363636363846e-01 0.000000000000000000e+00
3.817597614937355388e+00 9.890374917781188380e-01 4.076869827617298547e+00 7.936363636363635843e-01 0.000000000000000000e+00
3.817744572469472519e+00 9.891471168603377384e-01 4.074691288687966484e+00 7.954545454545454142e-01 0.000000000000000000e+00
3.817573263048733789e+00 9.892567419425565278e-01 4.073873027454722795e+00 7.972727272727272441e-01 0.000000000000000000e+00
3.817789142786789824e+00 9.892567419425565278e-01 4.076446091045032638e+00 7.936363636363635843e-01 0.000000000000000000e+00
3.817391887303899889e+00 9.892567419425565278e-01 4.076770366321910366e+00 7.972727272727272441e-01 0.000000000000000000e+00
3.817446040521716544e+00 9.891471168603377384e-01 4.077439670562744034e+00 7.927272727272727249e-01 0.000000000000000000e+00
